33 1056

0 1 25
0 2 150
0 3 11
0 4 41
0 5 76
0 6 43
0 7 127
0 8 78
0 9 168
0 10 93
0 11 119
0 12 157
0 13 194
0 14 209
0 15 154
0 16 134
0 17 116
0 18 100
0 19 180
0 20 153
0 21 116
0 22 162
0 23 139
0 24 192
0 25 163
0 26 145
0 27 146
0 28 156
0 29 151
0 30 164
0 31 213
0 32 208
1 0 25
1 2 125
1 3 33
1 4 17
1 5 51
1 6 31
1 7 103
1 8 64
1 9 145
1 10 80
1 11 100
1 12 136
1 13 172
1 14 187
1 15 135
1 16 117
1 17 104
1 18 98
1 19 161
1 20 137
1 21 113
1 22 147
1 23 131
1 24 175
1 25 151
1 26 143
1 27 143
1 28 150
1 29 153
1 30 157
1 31 198
1 32 200
2 0 150
2 1 125
2 3 157
2 4 110
2 5 75
2 6 123
2 7 50
2 8 111
2 9 62
2 10 116
2 11 90
2 12 81
2 13 89
2 14 95
2 15 93
2 16 105
2 17 125
2 18 160
2 19 104
2 20 113
2 21 166
2 22 127
2 23 156
2 24 134
2 25 148
2 26 188
2 27 183
2 28 176
2 29 208
2 30 175
2 31 164
2 32 199
3 0 11
3 1 33
3 2 157
3 4 47
3 5 82
3 6 44
3 7 131
3 8 77
3 9 171
3 10 91
3 11 120
3 12 159
3 13 196
3 14 212
3 15 155
3 16 133
3 17 114
3 18 94
3 19 181
3 20 153
3 21 110
3 22 161
3 23 135
3 24 191
3 25 160
3 26 138
3 27 140
3 28 151
3 29 143
3 30 159
3 31 211
3 32 204
4 0 41
4 1 17
4 2 110
4 3 47
4 5 35
4 6 25
4 7 86
4 8 51
4 9 128
4 10 67
4 11 85
4 12 119
4 13 155
4 14 170
4 15 119
4 16 102
4 17 92
4 18 92
4 19 144
4 20 122
4 21 106
4 22 132
4 23 121
4 24 160
4 25 138
4 26 136
4 27 135
4 28 140
4 29 148
4 30 146
4 31 184
4 32 188
5 0 76
5 1 51
5 2 75
5 3 82
5 4 35
5 6 49
5 7 54
5 8 51
5 9 96
5 10 65
5 11 66
5 12 92
5 13 125
5 14 138
5 15 95
5 16 85
5 17 85
5 18 102
5 19 119
5 20 103
5 21 114
5 22 116
5 23 119
5 24 139
5 25 128
5 26 142
5 27 139
5 28 139
5 29 157
5 30 143
5 31 166
5 32 180
6 0 43
6 1 31
6 2 123
6 3 44
6 4 25
6 5 49
6 7 90
6 8 35
6 9 129
6 10 50
6 11 76
6 12 115
6 13 153
6 14 169
6 15 112
6 16 91
6 17 74
6 18 68
6 19 138
6 20 110
6 21 82
6 22 119
6 23 100
6 24 148
6 25 121
6 26 112
6 27 112
6 28 119
6 29 123
6 30 125
6 31 170
6 32 169
7 0 127
7 1 103
7 2 50
7 3 131
7 4 86
7 5 54
7 6 90
7 8 67
7 9 42
7 10 69
7 11 40
7 12 42
7 13 71
7 14 84
7 15 50
7 16 56
7 17 75
7 18 112
7 19 70
7 20 67
7 21 117
7 22 81
7 23 106
7 24 95
7 25 100
7 26 139
7 27 133
7 28 126
7 29 158
7 30 126
7 31 125
7 32 152
8 0 78
8 1 64
8 2 111
8 3 77
8 4 51
8 5 51
8 6 35
8 7 67
8 9 101
8 10 16
8 11 43
8 12 84
8 13 123
8 14 139
8 15 79
8 16 56
8 17 41
8 18 52
8 19 104
8 20 76
8 21 63
8 22 84
8 23 71
8 24 114
8 25 88
8 26 91
8 27 89
8 28 91
8 29 106
8 30 96
8 31 135
8 32 137
9 0 168
9 1 145
9 2 62
9 3 171
9 4 128
9 5 96
9 6 129
9 7 42
9 8 101
9 10 97
9 11 62
9 12 27
9 13 30
9 14 42
9 15 41
9 16 65
9 17 93
9 18 137
9 19 43
9 20 63
9 21 137
9 22 75
9 23 117
9 24 74
9 25 98
9 26 152
9 27 145
9 28 133
9 29 173
9 30 130
9 31 103
9 32 144
10 0 93
10 1 80
10 2 116
10 3 91
10 4 67
10 5 65
10 6 50
10 7 69
10 8 16
10 9 97
10 11 36
10 12 77
10 13 115
10 14 132
10 15 69
10 16 43
10 17 25
10 18 44
10 19 94
10 20 62
10 21 51
10 22 69
10 23 55
10 24 100
10 25 72
10 26 78
10 27 75
10 28 75
10 29 95
10 30 80
10 31 120
10 32 121
11 0 119
11 1 100
11 2 90
11 3 120
11 4 85
11 5 66
11 6 76
11 7 40
11 8 43
11 9 62
11 10 36
11 12 41
11 13 80
11 14 97
11 15 36
11 16 20
11 17 35
11 18 76
11 19 61
11 20 38
11 21 78
11 22 50
11 23 66
11 24 75
11 25 64
11 26 98
11 27 93
11 28 86
11 29 118
11 30 86
11 31 101
11 32 117
12 0 157
12 1 136
12 2 81
12 3 159
12 4 119
12 5 92
12 6 115
12 7 42
12 8 84
12 9 27
12 10 77
12 11 41
12 13 39
12 14 56
12 15 14
12 16 40
12 17 68
12 18 113
12 19 27
12 20 36
12 21 112
12 22 49
12 23 90
12 24 54
12 25 72
12 26 125
12 27 118
12 28 106
12 29 147
12 30 103
12 31 84
12 32 119
13 0 194
13 1 172
13 2 89
13 3 196
13 4 155
13 5 125
13 6 153
13 7 71
13 8 123
13 9 30
13 10 115
13 11 80
13 12 39
13 14 17
13 15 48
13 16 76
13 17 105
13 18 150
13 19 32
13 20 66
13 21 148
13 22 73
13 23 122
13 24 59
13 25 96
13 26 157
13 27 149
13 28 135
13 29 178
13 30 129
13 31 85
13 32 133
14 0 209
14 1 187
14 2 95
14 3 212
14 4 170
14 5 138
14 6 169
14 7 84
14 8 139
14 9 42
14 10 132
14 11 97
14 12 56
14 13 17
14 15 65
14 16 93
14 17 122
14 18 167
14 19 47
14 20 82
14 21 164
14 22 89
14 23 138
14 24 71
14 25 111
14 26 173
14 27 165
14 28 150
14 29 194
14 30 144
14 31 94
14 32 145
15 0 154
15 1 135
15 2 93
15 3 155
15 4 119
15 5 95
15 6 112
15 7 50
15 8 79
15 9 41
15 10 69
15 11 36
15 12 14
15 13 48
15 14 65
15 16 28
15 17 57
15 18 102
15 19 26
15 20 22
15 21 100
15 22 35
15 23 76
15 24 45
15 25 58
15 26 112
15 27 105
15 28 92
15 29 133
15 30 88
15 31 75
15 32 106
16 0 134
16 1 117
16 2 105
16 3 133
16 4 102
16 5 85
16 6 91
16 7 56
16 8 56
16 9 65
16 10 43
16 11 20
16 12 40
16 13 76
16 14 93
16 15 28
16 17 29
16 18 74
16 19 51
16 20 20
16 21 73
16 22 31
16 23 52
16 24 58
16 25 45
16 26 87
16 27 81
16 28 71
16 29 108
16 30 70
16 31 82
16 32 98
17 0 116
17 1 104
17 2 125
17 3 114
17 4 92
17 5 85
17 6 74
17 7 75
17 8 41
17 9 93
17 10 25
17 11 35
17 12 68
17 13 105
17 14 122
17 15 57
17 16 29
17 18 45
17 19 79
17 20 44
17 21 44
17 22 47
17 23 34
17 24 79
17 25 47
17 26 64
17 27 59
17 28 55
17 29 84
17 30 58
17 31 97
17 32 97
18 0 100
18 1 98
18 2 160
18 3 94
18 4 92
18 5 102
18 6 68
18 7 112
18 8 52
18 9 137
18 10 44
18 11 76
18 12 113
18 13 150
18 14 167
18 15 102
18 16 74
18 17 45
18 19 123
18 20 88
18 21 16
18 22 88
18 23 45
18 24 120
18 25 77
18 26 45
18 27 46
18 28 57
18 29 56
18 30 66
18 31 131
18 32 112
19 0 180
19 1 161
19 2 104
19 3 181
19 4 144
19 5 119
19 6 138
19 7 70
19 8 104
19 9 43
19 10 94
19 11 61
19 12 27
19 13 32
19 14 47
19 15 26
19 16 51
19 17 79
19 18 123
19 20 36
19 21 119
19 22 42
19 23 91
19 24 31
19 25 64
19 26 126
19 27 118
19 28 103
19 29 147
19 30 97
19 31 60
19 32 103
20 0 153
20 1 137
20 2 113
20 3 153
20 4 122
20 5 103
20 6 110
20 7 67
20 8 76
20 9 63
20 10 62
20 11 38
20 12 36
20 13 66
20 14 82
20 15 22
20 16 20
20 17 44
20 18 88
20 19 36
20 21 83
20 22 14
20 23 56
20 24 38
20 25 36
20 26 92
20 27 84
20 28 71
20 29 113
20 30 67
20 31 63
20 32 86
21 0 116
21 1 113
21 2 166
21 3 110
21 4 106
21 5 114
21 6 82
21 7 117
21 8 63
21 9 137
21 10 51
21 11 78
21 12 112
21 13 148
21 14 164
21 15 100
21 16 73
21 17 44
21 18 16
21 19 119
21 20 83
21 22 81
21 23 34
21 24 112
21 25 67
21 26 30
21 27 31
21 28 42
21 29 44
21 30 52
21 31 120
21 32 97
22 0 162
22 1 147
22 2 127
22 3 161
22 4 132
22 5 116
22 6 119
22 7 81
22 8 84
22 9 75
22 10 69
22 11 50
22 12 49
22 13 73
22 14 89
22 15 35
22 16 31
22 17 47
22 18 88
22 19 42
22 20 14
22 21 81
22 23 50
22 24 32
22 25 23
22 26 84
22 27 77
22 28 61
22 29 106
22 30 56
22 31 52
22 32 71
23 0 139
23 1 131
23 2 156
23 3 135
23 4 121
23 5 119
23 6 100
23 7 106
23 8 71
23 9 117
23 10 55
23 11 66
23 12 90
23 13 122
23 14 138
23 15 76
23 16 52
23 17 34
23 18 45
23 19 91
23 20 56
23 21 34
23 22 50
23 24 80
23 25 34
23 26 35
23 27 28
23 28 21
23 29 57
23 30 25
23 31 86
23 32 69
24 0 192
24 1 175
24 2 134
24 3 191
24 4 160
24 5 139
24 6 148
24 7 95
24 8 114
24 9 74
24 10 100
24 11 75
24 12 54
24 13 59
24 14 71
24 15 45
24 16 58
24 17 79
24 18 120
24 19 31
24 20 38
24 21 112
24 22 32
24 23 80
24 25 47
24 26 111
24 27 103
24 28 86
24 29 132
24 30 78
24 31 30
24 32 74
25 0 163
25 1 151
25 2 148
25 3 160
25 4 138
25 5 128
25 6 121
25 7 100
25 8 88
25 9 98
25 10 72
25 11 64
25 12 72
25 13 96
25 14 111
25 15 58
25 16 45
25 17 47
25 18 77
25 19 64
25 20 36
25 21 67
25 22 23
25 23 34
25 24 47
25 26 64
25 27 56
25 28 39
25 29 85
25 30 33
25 31 54
25 32 53
26 0 145
26 1 143
26 2 188
26 3 138
26 4 136
26 5 142
26 6 112
26 7 139
26 8 91
26 9 152
26 10 78
26 11 98
26 12 125
26 13 157
26 14 173
26 15 112
26 16 87
26 17 64
26 18 45
26 19 126
26 20 92
26 21 30
26 22 84
26 23 35
26 24 111
26 25 64
26 27 8
26 28 26
26 29 22
26 30 36
26 31 112
26 32 77
27 0 146
27 1 143
27 2 183
27 3 140
27 4 135
27 5 139
27 6 112
27 7 133
27 8 89
27 9 145
27 10 75
27 11 93
27 12 118
27 13 149
27 14 165
27 15 105
27 16 81
27 17 59
27 18 46
27 19 118
27 20 84
27 21 31
27 22 77
27 23 28
27 24 103
27 25 56
27 26 8
27 28 19
27 29 29
27 30 29
27 31 104
27 32 71
28 0 156
28 1 150
28 2 176
28 3 151
28 4 140
28 5 139
28 6 119
28 7 126
28 8 91
28 9 133
28 10 75
28 11 86
28 12 106
28 13 135
28 14 150
28 15 92
28 16 71
28 17 55
28 18 57
28 19 103
28 20 71
28 21 42
28 22 61
28 23 21
28 24 86
28 25 39
28 26 26
28 27 19
28 29 46
28 30 10
28 31 85
28 32 55
29 0 151
29 1 153
29 2 208
29 3 143
29 4 148
29 5 157
29 6 123
29 7 158
29 8 106
29 9 173
29 10 95
29 11 118
29 12 147
29 13 178
29 14 194
29 15 133
29 16 108
29 17 84
29 18 56
29 19 147
29 20 113
29 21 44
29 22 106
29 23 57
29 24 132
29 25 85
29 26 22
29 27 29
29 28 46
29 30 55
29 31 130
29 32 89
30 0 164
30 1 157
30 2 175
30 3 159
30 4 146
30 5 143
30 6 125
30 7 126
30 8 96
30 9 130
30 10 80
30 11 86
30 12 103
30 13 129
30 14 144
30 15 88
30 16 70
30 17 58
30 18 66
30 19 97
30 20 67
30 21 52
30 22 56
30 23 25
30 24 78
30 25 33
30 26 36
30 27 29
30 28 10
30 29 55
30 31 75
30 32 45
31 0 213
31 1 198
31 2 164
31 3 211
31 4 184
31 5 166
31 6 170
31 7 125
31 8 135
31 9 103
31 10 120
31 11 101
31 12 84
31 13 85
31 14 94
31 15 75
31 16 82
31 17 97
31 18 131
31 19 60
31 20 63
31 21 120
31 22 52
31 23 86
31 24 30
31 25 54
31 26 112
31 27 104
31 28 85
31 29 130
31 30 75
31 32 55
32 0 208
32 1 200
32 2 199
32 3 204
32 4 188
32 5 180
32 6 169
32 7 152
32 8 137
32 9 144
32 10 121
32 11 117
32 12 119
32 13 133
32 14 145
32 15 106
32 16 98
32 17 97
32 18 112
32 19 103
32 20 86
32 21 97
32 22 71
32 23 69
32 24 74
32 25 53
32 26 77
32 27 71
32 28 55
32 29 89
32 30 45
32 31 55
